Starting: C:\Users\PRAISE\go\bin\dlv.exe dap --listen=127.0.0.1:61177 from c:\Users\PRAISE\go\src\master_go_walahi\application_structure\concurrency\exercises
DAP server listening at: 127.0.0.1:61177
10.099504938362077
10.723805294763608
10.770329614269007
10.816653826391969
10.198039027185569
10.954451150103322
10.295630140987
10.246950765959598
10.392304845413264
10.44030650891055
10.488088481701515
10.535653752852738
10.583005244258363
10.63014581273465
11.135528725660043
11.269427669584644
10.14889156509222
11.357816691600547
11.445523142259598
11.489125293076057
11.575836902790225
11.045361017187261
11.090536506409418
11.180339887498949
11.224972160321824
10.04987562112089
11.313708498984761
10.862780491200215
11.61895003862225
11.40175425099138
10.344080432788601
11.74734012447073
11.832159566199232
11.874342087037917
10.908712114635714
11.661903789690601
11.704699910719626
12
11.789826122551595
11
10.677078252031311
11.916375287812984
11.958260743101398
12.12435565298214
12.041594578792296
12.24744871391589
11.532562594670797
12.165525060596439
12.206555615733702
12.083045973594572
Process 6304 has exited with status 0






